x1,x2,x3
3636250.638,215304.744,-0.97
3636260.194,215281.785,-1.663
3636260.436,215281.963,-1.716
3636272.597,215258.694,-3.205
3636283.271,215239.828,-4.009
3636283.319,215239.427,-3.972
3636060.741,215682.314,6.209
3636068.993,215663.536,5.457
3636081.14,215640.655,5.964
3636093.09,215617.166,6.253
3636103.803,215597.446,6.215
3636114.35,215573.715,6.076
3636126.132,215551.776,6.496
3636137.038,215528.523,5.399
3636149.591,215506.973,3.963
3636161.067,215484.053,2.971
3636172.264,215461.829,2.514
3636182.667,215439.758,1.571
3636193.621,215416.308,0.034
3636203.534,215395.449,0.004
3636215.983,215372.417,-0.206
3636227.583,215350.853,-0.9
3636777.51,214285.14,-16.15
3636777.26,214285.48,-16.12
3636776.29,214286.79,-16.07
3636776.05,214287.13,-16.04
3636775.76,214287.54,-16
3636775.47,214287.95,-15.96
3636775.31,214288.18,-15.96
3636775.02,214288.58,-16.01
3636774.85,214288.81,-16.03
3636774.68,214289.04,-16.02
3636774.38,214289.45,-16.03
3636774.1,214289.84,-16.02
3636773.75,214290.29,-15.99
3636773.5,214290.6,-15.99
3636773.21,214290.98,-16.02
3636772.9,214291.37,-16.04
3636772.55,214291.83,-16.03
3636772.3,214292.14,-16.02
3636772,214292.51,-16.05
3636771.69,214292.9,-16.08
3636771.31,214293.33,-16.09
3636771.04,214293.63,-16.08
3636770.7,214293.99,-16.07
3636770.53,214294.2,-16.04
3636770.28,214294.5,-16.02
3636770.06,214294.78,-16.05
3636769.87,214295.02,-16.08
3636769.56,214295.41,-16.11
3636769.26,214295.81,-16.11
3636768.9,214296.29,-16.07
3636768.65,214296.63,-16.02
3636768.36,214297.03,-16.02
3636768.07,214297.44,-16.02
3636767.75,214297.95,-16.01
3636767.53,214298.31,-16.01
3636767.26,214298.76,-16.02
3636766.99,214299.22,-16.02
3636766.69,214299.75,-16.01
3636766.49,214300.14,-15.99
3636766.25,214300.61,-15.95
3636766.01,214301.07,-15.91
3636765.76,214301.66,-15.89
3636765.57,214302.06,-15.88
3636765.33,214302.56,-15.89
3636765.11,214303.05,-15.92
3636764.86,214303.64,-15.94
3636764.68,214304.06,-15.97
3636764.48,214304.56,-16.02
3636764.27,214305.06,-16.03
3636764.01,214305.66,-16.02
3636763.82,214306.07,-16
3636763.61,214306.57,-15.94
3636763.37,214307.07,-15.9
3636763.1,214307.63,-15.85
3636762.9,214308.02,-15.86
3636762.67,214308.5,-15.89
3636762.43,214308.98,-15.9
3636762.15,214309.54,-15.93
3636761.96,214309.93,-15.93
3636761.72,214310.41,-15.92
3636761.48,214310.86,-15.9
3636761.2,214311.39,-15.89
3636761.01,214311.75,-15.89
3636760.79,214312.2,-15.93
3636760.57,214312.66,-15.98
3636760.3,214313.18,-15.95
3636760.11,214313.54,-15.92
3636759.89,214313.98,-15.93
3636759.67,214314.41,-15.99
3636759.42,214314.9,-16.05
3636759.26,214315.25,-16.06
3636759.06,214315.69,-16.04
3636758.87,214316.12,-16.01
3636758.63,214316.62,-15.96
3636758.47,214316.96,-16
3636758.27,214317.39,-16.06
3636758.09,214317.8,-16.06
3636757.87,214318.29,-16.07
3636757.73,214318.63,-16.07
3636757.54,214319.05,-16.08
3636757.36,214319.47,-16.11
3636757.16,214319.98,-16.1
3636757.02,214320.31,-16.1
3636756.86,214320.75,-16.06
3636756.72,214321.17,-16.06
3636756.55,214321.68,-16.05
3636756.44,214322.04,-16.04
3636756.32,214322.49,-16.01
3636756.2,214322.93,-15.93
3636756.06,214323.46,-15.91
3636755.97,214323.84,-15.93
3636755.85,214324.29,-15.95
3636755.73,214324.74,-15.93
3636755.6,214325.27,-15.92
3636755.52,214325.65,-15.88
3636755.38,214326.12,-15.85
3636755.25,214326.56,-15.86
3636755.09,214327.1,-15.85
3636754.97,214327.46,-15.81
3636754.82,214327.92,-15.76
3636754.67,214328.38,-15.74
3636754.49,214328.93,-15.73
3636754.37,214329.3,-15.72
3636754.19,214329.77,-15.69
3636754.03,214330.24,-15.65
3636753.84,214330.82,-15.65
3636753.7,214331.22,-15.7
3636753.53,214331.71,-15.75
3636753.35,214332.2,-15.77
3636753.14,214332.78,-15.76
3636752.99,214333.19,-15.76
3636752.81,214333.7,-15.75
3636752.61,214334.22,-15.74
3636752.39,214334.83,-15.74
3636752.24,214335.25,-15.75
3636752.05,214335.77,-15.75
3636751.86,214336.27,-15.77
3636751.65,214336.89,-15.78
3636751.5,214337.33,-15.76
3636751.33,214337.85,-15.72
3636751.16,214338.4,-15.7
3636750.96,214339.04,-15.68
3636750.82,214339.49,-15.64
3636750.65,214340.02,-15.62
3636750.48,214340.57,-15.6
3636750.27,214341.24,-15.59
3636750.12,214341.7,-15.58
3636749.95,214342.26,-15.59
3636749.76,214342.83,-15.62
3636749.54,214343.49,-15.63
3636749.39,214343.97,-15.64
3636749.2,214344.52,-15.67
3636749,214345.07,-15.64
3636748.75,214345.73,-15.59
3636748.58,214346.18,-15.56
3636748.37,214346.73,-15.57
3636748.14,214347.29,-15.58
3636747.88,214347.92,-15.6
3636747.69,214348.37,-15.63
3636747.45,214348.9,-15.62
3636747.21,214349.43,-15.59
3636746.92,214350.06,-15.59
3636746.72,214350.51,-15.6
3636746.46,214351.04,-15.62
3636746.21,214351.58,-15.64
3636745.89,214352.21,-15.62
3636745.68,214352.64,-15.6
3636745.43,214353.17,-15.58
3636745.16,214353.69,-15.57
3636744.85,214354.3,-15.56
3636744.63,214354.73,-15.56
3636744.36,214355.25,-15.56
3636744.09,214355.77,-15.55
3636743.77,214356.36,-15.53
3636743.55,214356.77,-15.53
3636743.28,214357.26,-15.56
3636743.01,214357.76,-15.6
3636742.68,214358.35,-15.59
3636742.43,214358.75,-15.58
3636742.14,214359.23,-15.56
3636741.85,214359.7,-15.55
3636741.5,214360.25,-15.56
3636741.26,214360.64,-15.55
3636740.96,214361.1,-15.53
3636740.66,214361.57,-15.55
3636740.29,214362.12,-15.52
3636740.04,214362.49,-15.48
3636739.7,214362.95,-15.47
3636739.37,214363.38,-15.46
3636738.98,214363.91,-15.47
3636738.71,214364.25,-15.46
3636738.37,214364.68,-15.45
3636738.03,214365.1,-15.48
3636737.61,214365.6,-15.5
3636737.33,214365.94,-15.52
3636736.97,214366.36,-15.48
3636736.62,214366.78,-15.45
3636736.2,214367.25,-15.42
3636735.92,214367.57,-15.42
3636735.57,214367.96,-15.45
3636735.22,214368.34,-15.5
3636734.79,214368.8,-15.53
3636734.5,214369.12,-15.54
3636734.14,214369.51,-15.53
3636733.75,214369.88,-15.52
3636733.33,214370.32,-15.5
3636733.02,214370.64,-15.49
3636732.66,214371,-15.45
3636732.28,214371.38,-15.41
3636731.85,214371.81,-15.4
3636731.52,214372.13,-15.4
3636731.14,214372.5,-15.4
3636730.77,214372.88,-15.4
3636730.34,214373.3,-15.39
3636730.04,214373.59,-15.42
3636729.66,214373.96,-15.41
3636729.28,214374.34,-15.38
3636728.85,214374.79,-15.35
3636728.54,214375.1,-15.32
3636728.16,214375.49,-15.33
3636727.8,214375.87,-15.3
3636727.35,214376.33,-15.27
3636727.06,214376.63,-15.28
3636726.67,214377.02,-15.32
3636726.3,214377.39,-15.34
3636725.86,214377.84,-15.32
3636725.54,214378.15,-15.28
3636725.16,214378.52,-15.25
3636724.77,214378.9,-15.23
3636724.34,214379.32,-15.24
3636724.03,214379.62,-15.25
3636723.66,214379.97,-15.25
3636723.28,214380.34,-15.26
3636722.82,214380.77,-15.28
3636722.5,214381.05,-15.28
3636722.09,214381.39,-15.27
3636721.7,214381.71,-15.23
3636721.48,214381.9,-15.22
3636721.1,214382.23,-15.24
3636720.89,214382.41,-15.25
3636720.64,214382.63,-15.25
3636720.25,214382.93,-15.26
3636719.86,214383.23,-15.27
3636719.37,214383.58,-15.27
3636719.04,214383.83,-15.25
3636718.66,214384.12,-15.22
3636718.27,214384.42,-15.23
3636717.81,214384.79,-15.25
3636717.48,214385.04,-15.23
3636717.1,214385.33,-15.21
3636716.71,214385.63,-15.21
3636716.27,214386,-15.2
3636715.96,214386.26,-15.19
3636715.59,214386.58,-15.15
3636715.22,214386.89,-15.1
3636714.79,214387.28,-15.09
3636714.5,214387.53,-15.08
3636714.14,214387.86,-15.07
3636713.77,214388.15,-15.06
3636713.35,214388.51,-15.07
3636713.07,214388.76,-15.11
3636712.72,214389.04,-15.12
3636712.36,214389.33,-15.09
3636711.94,214389.65,-15.08
3636711.64,214389.86,-15.09
3636711.27,214390.1,-15.09
3636710.89,214390.33,-15.05
3636710.42,214390.58,-15.04
3636710.11,214390.74,-15.04
3636709.71,214390.93,-15.06
3636709.32,214391.09,-15.07
3636708.84,214391.29,-15.08
3636708.5,214391.43,-15.1
3636708.09,214391.6,-15.1
3636707.68,214391.77,-15.07
3636707.21,214391.96,-15.08
3636706.89,214392.11,-15.12
3636706.49,214392.31,-15.15
3636706.1,214392.51,-15.16
3636705.66,214392.77,-15.16
3636705.38,214392.96,-15.13
3636705.02,214393.2,-15.1
3636704.67,214393.45,-15.11
3636704.27,214393.75,-15.09
3636704.01,214393.97,-15.1
3636703.69,214394.24,-15.12
3636703.38,214394.53,-15.12
3636703.03,214394.88,-15.14
3636702.79,214395.13,-15.11
3636702.48,214395.45,-15.09
3636702.17,214395.76,-15.09
3636701.82,214396.12,-15.07
3636701.61,214396.35,-15.06
3636701.34,214396.66,-15.06
3636701.06,214396.96,-15
3636700.73,214397.31,-14.97
3636700.5,214397.56,-14.96
3636700.21,214397.86,-14.96
3636699.92,214398.16,-14.98
3636699.57,214398.52,-14.98
3636699.34,214398.75,-14.99
3636699.03,214399.05,-14.98
3636698.72,214399.36,-15
3636698.38,214399.69,-15.02
3636698.13,214399.94,-15.02
3636697.82,214400.26,-15.01
3636697.54,214400.57,-15.04
3636697.2,214400.94,-15.07
3636696.96,214401.19,-15.07
3636696.68,214401.51,-15.1
3636696.41,214401.83,-15.12
3636696.07,214402.19,-15.14
3636695.85,214402.48,-15.14
3636695.61,214402.82,-15.13
3636695.38,214403.16,-15.13
3636695.13,214403.57,-15.1
3636694.95,214403.86,-15.08
3636694.75,214404.22,-15.1
3636694.55,214404.58,-15.1
3636694.33,214405.01,-15.08
3636694.2,214405.32,-15.05
3636694.05,214405.7,-15.06
3636693.93,214406.09,-15.05
3636693.78,214406.55,-15.06
3636693.67,214406.87,-15.06
3636693.55,214407.27,-15.06
3636693.44,214407.68,-15.04
3636693.31,214408.16,-15.02
3636693.24,214408.49,-15.04
3636693.13,214408.89,-15.02
3636693.02,214409.29,-15.01
3636692.9,214409.76,-14.98
3636692.82,214410.08,-14.95
3636692.72,214410.49,-14.97
3636692.63,214410.9,-15
3636692.52,214411.37,-15.02
3636692.43,214411.7,-15.03
3636692.33,214412.11,-15.03
3636692.23,214412.52,-15.03
3636692.11,214412.99,-15
3636692.03,214413.32,-14.94
3636691.93,214413.73,-14.91
3636691.81,214414.13,-14.92
3636691.69,214414.61,-14.95
3636691.61,214414.96,-14.95
3636691.52,214415.4,-14.97
3636691.43,214415.82,-15.02
3636691.3,214416.3,-15.04
3636691.22,214416.66,-15.03
3636691.12,214417.08,-15
3636691.03,214417.5,-14.97
3636690.94,214418.02,-14.96
3636690.87,214418.39,-14.95
3636690.79,214418.83,-14.95
3636690.7,214419.26,-14.97
3636690.6,214419.78,-15.01
3636690.54,214420.16,-15
3636690.48,214420.62,-14.99
3636690.43,214421.08,-14.99
3636690.35,214421.61,-15
3636690.31,214421.99,-15.01
3636690.26,214422.45,-14.94
3636690.21,214422.9,-14.9
3636690.15,214423.44,-14.89
3636690.11,214423.82,-14.88
3636690.06,214424.28,-14.89
3636690.02,214424.72,-14.89
3636689.96,214425.3,-14.89
3636689.92,214425.68,-14.89
3636689.87,214426.15,-14.87
3636689.81,214426.62,-14.85
3636689.73,214427.18,-14.85
3636689.68,214427.57,-14.86
3636689.61,214428.05,-14.9
3636689.53,214428.53,-14.95
3636689.43,214429.09,-14.94
3636689.34,214429.49,-14.91
3636689.24,214429.97,-14.87
3636689.15,214430.44,-14.84
3636689.02,214431.01,-14.84
3636688.93,214431.41,-14.84
3636688.83,214431.9,-14.82
3636688.71,214432.38,-14.81
3636688.55,214432.95,-14.82
3636688.44,214433.32,-14.85
3636688.32,214433.81,-14.89
3636688.19,214434.3,-14.92
3636688.03,214434.87,-14.91
3636687.92,214435.27,-14.92
3636687.78,214435.75,-14.93
3636687.62,214436.24,-14.89
3636687.44,214436.83,-14.83
3636687.33,214437.25,-14.85
3636687.18,214437.74,-14.83
3636687.01,214438.23,-14.81
3636686.82,214438.81,-14.8
3636686.68,214439.22,-14.82
3636686.52,214439.71,-14.81
3636686.35,214440.22,-14.75
3636686.15,214440.82,-14.72
3636686.01,214441.23,-14.72
3636685.83,214441.73,-14.71
3636685.65,214442.23,-14.69
3636685.44,214442.84,-14.67
3636685.28,214443.26,-14.64
3636685.09,214443.77,-14.63
3636684.9,214444.27,-14.63
3636684.66,214444.87,-14.61
3636684.5,214445.27,-14.6
3636684.29,214445.77,-14.61
3636684.08,214446.27,-14.63
3636683.83,214446.87,-14.62
3636683.65,214447.28,-14.62
3636683.42,214447.77,-14.62
3636683.18,214448.26,-14.62
3636682.91,214448.83,-14.62
3636682.72,214449.22,-14.62
3636682.47,214449.7,-14.6
3636682.22,214450.18,-14.59
3636681.93,214450.75,-14.59
3636681.73,214451.13,-14.59
3636681.47,214451.6,-14.59
3636681.2,214452.09,-14.57
3636680.89,214452.65,-14.56
3636680.68,214453.03,-14.55
3636680.41,214453.51,-14.54
3636680.14,214453.98,-14.53
3636679.83,214454.53,-14.52
3636679.61,214454.92,-14.52
3636679.33,214455.38,-14.52
3636679.06,214455.83,-14.52
3636678.74,214456.39,-14.51
3636678.52,214456.77,-14.49
3636678.25,214457.23,-14.47
3636677.99,214457.69,-14.46
3636677.69,214458.23,-14.48
3636677.47,214458.63,-14.5
3636677.21,214459.09,-14.51
3636676.94,214459.56,-14.51
3636676.64,214460.09,-14.51
3636676.43,214460.46,-14.52
3636676.17,214460.91,-14.51
3636675.92,214461.37,-14.48
3636675.62,214461.9,-14.48
3636675.4,214462.28,-14.49
3636675.14,214462.73,-14.47
3636674.88,214463.17,-14.45
3636674.57,214463.69,-14.45
3636674.35,214464.06,-14.47
3636674.09,214464.49,-14.49
3636673.82,214464.91,-14.48
3636673.52,214465.4,-14.46
3636673.3,214465.76,-14.43
3636673.03,214466.18,-14.4
3636672.76,214466.6,-14.41
3636672.44,214467.07,-14.42
3636672.21,214467.4,-14.43
3636671.95,214467.79,-14.44
3636671.68,214468.2,-14.45
3636671.52,214468.42,-14.45
3636671.25,214468.79,-14.46
3636671.1,214469,-14.43
3636670.93,214469.25,-14.39
3636670.66,214469.63,-14.39
3636670.38,214470,-14.38
3636670.04,214470.44,-14.38
3636669.81,214470.74,-14.39
3636669.53,214471.12,-14.4
3636669.24,214471.5,-14.41
3636668.9,214471.96,-14.43
3636668.67,214472.28,-14.45
3636668.39,214472.69,-14.45
3636668.13,214473.08,-14.43
3636667.82,214473.55,-14.42
3636667.61,214473.89,-14.38
3636667.35,214474.29,-14.35
3636667.09,214474.69,-14.35
3636666.79,214475.19,-14.38
3636666.6,214475.52,-14.37
3636666.35,214475.94,-14.35
3636666.12,214476.36,-14.35
3636665.84,214476.84,-14.32
3636665.65,214477.19,-14.29
3636665.43,214477.61,-14.28
3636665.21,214478.03,-14.3
3636664.94,214478.52,-14.33
3636664.76,214478.86,-14.35
3636664.54,214479.26,-14.38
3636664.3,214479.65,-14.35
3636664.03,214480.12,-14.31
3636663.84,214480.44,-14.32
3636663.61,214480.83,-14.35
3636663.37,214481.22,-14.38
3636663.07,214481.68,-14.37
3636662.87,214482,-14.37
3636662.63,214482.36,-14.39
3636662.39,214482.74,-14.38
3636662.11,214483.18,-14.37
3636661.92,214483.5,-14.37
3636661.7,214483.87,-14.39
3636661.47,214484.25,-14.41
3636661.19,214484.71,-14.44
3636661,214485.02,-14.44
3636660.78,214485.39,-14.43
3636660.55,214485.78,-14.42
3636660.28,214486.24,-14.45
3636660.08,214486.56,-14.47
3636659.85,214486.96,-14.42
3636659.64,214487.34,-14.36
3636659.4,214487.81,-14.33
3636659.23,214488.14,-14.34
3636658.98,214488.57,-14.34
3636658.76,214488.98,-14.34
3636658.53,214489.45,-14.34
3636658.37,214489.79,-14.34
3636658.19,214490.2,-14.34
3636658,214490.63,-14.34
3636657.76,214491.13,-14.35
3636657.6,214491.47,-14.34
3636657.4,214491.87,-14.34
3636657.2,214492.28,-14.34
3636656.97,214492.77,-14.35
3636656.82,214493.1,-14.35
3636656.63,214493.52,-14.35
3636656.43,214493.93,-14.35
3636656.21,214494.43,-14.35
3636656.05,214494.77,-14.34
3636655.84,214495.2,-14.36
3636655.65,214495.62,-14.35
3636655.43,214496.12,-14.33
3636655.29,214496.47,-14.34
3636655.07,214496.89,-14.34
3636654.85,214497.31,-14.32
3636654.6,214497.84,-14.3
3636654.43,214498.18,-14.3
3636654.22,214498.6,-14.29
3636654.01,214499.03,-14.29
3636653.75,214499.53,-14.28
3636653.57,214499.87,-14.28
3636653.36,214500.3,-14.29
3636653.16,214500.72,-14.29
3636652.91,214501.24,-14.25
3636652.75,214501.58,-14.22
3636652.55,214502,-14.22
3636652.34,214502.44,-14.23
3636652.09,214502.94,-14.23
3636651.9,214503.31,-14.23
3636651.67,214503.74,-14.24
3636651.45,214504.19,-14.24
3636651.2,214504.72,-14.23
3636651.03,214505.09,-14.21
3636650.8,214505.55,-14.18
3636650.56,214506.01,-14.17
3636650.28,214506.55,-14.17
3636650.08,214506.93,-14.17
3636649.83,214507.4,-14.17
3636649.59,214507.87,-14.17
3636649.3,214508.42,-14.15
3636649.09,214508.8,-14.15
3636648.83,214509.27,-14.14
3636648.57,214509.75,-14.11
3636648.26,214510.32,-14.11
3636648.05,214510.73,-14.1
3636647.8,214511.23,-14.12
3636647.55,214511.73,-14.11
3636647.25,214512.31,-14.11
3636647.03,214512.73,-14.09
3636646.78,214513.23,-14.05
3636646.53,214513.77,-14.05
3636646.25,214514.42,-14.07
3636646.04,214514.85,-14.05
3636645.79,214515.38,-14.05
3636645.53,214515.94,-14.05
3636645.24,214516.58,-14.05
3636645.03,214517.03,-14.07
3636644.77,214517.59,-14.06
3636644.52,214518.14,-14.08
3636644.22,214518.82,-14.14
3636644,214519.29,-14.17
3636643.74,214519.85,-14.13
3636643.47,214520.42,-14.09
3636643.16,214521.05,-14.09
3636642.94,214521.51,-14.06
3636642.66,214522.06,-14.05
3636642.4,214522.65,-14.04
3636642.09,214523.32,-14.01
3636641.86,214523.77,-14.02
3636641.59,214524.33,-14.05
3636641.33,214524.86,-14.04
3636641.03,214525.54,-14
3636640.82,214525.98,-13.96
3636640.54,214526.54,-13.95
3636640.28,214527.09,-13.93
3636639.96,214527.74,-13.92
3636639.73,214528.19,-13.93
3636639.47,214528.71,-13.96
3636639.2,214529.22,-13.96
3636638.88,214529.82,-13.95
3636638.66,214530.23,-13.94
3636638.39,214530.74,-13.95
3636638.11,214531.21,-13.94
3636637.78,214531.79,-13.91
3636637.55,214532.19,-13.9
3636637.27,214532.65,-13.92
3636636.99,214533.12,-13.97
3636636.67,214533.65,-13.99
3636636.44,214534.01,-13.98
3636636.16,214534.46,-13.99
3636635.89,214534.88,-14.01
3636635.56,214535.41,-14.05
3636635.34,214535.76,-14.07
3636635.07,214536.18,-14.08
3636634.79,214536.62,-14.05
3636634.48,214537.13,-14.04
3636634.27,214537.47,-14.04
3636634.01,214537.89,-14.02
3636633.74,214538.31,-14.04
3636633.43,214538.8,-14.09
3636633.22,214539.15,-14.08
3636632.96,214539.57,-14
3636632.71,214540,-14
3636632.42,214540.49,-14.03
3636632.22,214540.83,-14.05
3636631.98,214541.22,-14.02
3636631.75,214541.61,-13.98
3636631.48,214542.09,-13.94
3636631.27,214542.41,-13.9
3636631.03,214542.8,-13.9
3636630.79,214543.18,-13.9
3636630.5,214543.63,-13.91
3636630.31,214543.94,-13.91
3636630.07,214544.33,-13.91
3636629.82,214544.71,-13.9
3636629.52,214545.15,-13.89
3636629.3,214545.46,-13.92
3636629.04,214545.83,-13.94
3636628.78,214546.21,-13.97
3636628.49,214546.66,-13.97
3636628.28,214546.97,-13.94
3636628.02,214547.34,-13.92
3636627.76,214547.74,-13.92
3636627.46,214548.22,-13.92
3636627.25,214548.55,-13.96
3636627,214548.95,-14.01
3636626.75,214549.34,-13.99
3636626.45,214549.84,-13.94
3636626.26,214550.18,-13.94
3636626.02,214550.62,-13.93
3636625.78,214551.04,-13.94
3636625.5,214551.54,-13.91
3636625.32,214551.9,-13.9
3636625.1,214552.34,-13.9
3636624.88,214552.78,-13.9
3636624.61,214553.31,-13.91
3636624.43,214553.7,-13.87
3636624.21,214554.18,-13.83
3636623.99,214554.65,-13.8
3636623.75,214555.22,-13.82
3636623.58,214555.63,-13.83
3636623.36,214556.09,-13.8
3636623.24,214556.36,-13.81
3636623.09,214556.75,-13.82
3636622.95,214557.12,-13.82
3636622.83,214557.42,-13.82
3636622.63,214557.92,-13.8
3636622.42,214558.41,-13.79
3636622.22,214558.91,-13.81
3636622,214559.51,-13.78
3636621.83,214559.92,-13.76
3636621.63,214560.43,-13.76
3636621.42,214560.96,-13.77
3636621.2,214561.58,-13.79
3636621.03,214562.02,-13.82
3636620.82,214562.55,-13.8
3636620.62,214563.08,-13.79
3636620.4,214563.69,-13.8
3636620.25,214564.13,-13.83
3636620.06,214564.65,-13.81
3636619.88,214565.16,-13.8
3636619.64,214565.76,-13.82
3636619.5,214566.2,-13.82
3636619.32,214566.75,-13.81
3636619.15,214567.28,-13.8
3636618.94,214567.87,-13.79
3636618.79,214568.28,-13.77
3636618.61,214568.77,-13.75
3636618.44,214569.28,-13.74
3636618.25,214569.88,-13.72
3636618.11,214570.3,-13.7
3636617.94,214570.8,-13.69
3636617.77,214571.31,-13.71
3636617.6,214571.91,-13.71
3636617.48,214572.32,-13.69
3636617.32,214572.81,-13.71
3636617.18,214573.31,-13.75
3636617.01,214573.9,-13.77
3636616.89,214574.32,-13.75
3636616.75,214574.81,-13.71
3636616.6,214575.31,-13.71
3636616.43,214575.88,-13.71
3636616.3,214576.27,-13.73
3636616.15,214576.76,-13.7
3636616,214577.26,-13.66
3636615.81,214577.84,-13.65
3636615.68,214578.23,-13.65
3636615.53,214578.71,-13.66
3636615.37,214579.18,-13.69
3636615.18,214579.73,-13.71
3636615.06,214580.12,-13.73
3636614.91,214580.58,-13.74
3636614.76,214581.06,-13.75
3636614.57,214581.62,-13.73
3636614.44,214582,-13.72
3636614.29,214582.48,-13.71
3636614.14,214582.95,-13.69
3636613.95,214583.51,-13.68
3636613.83,214583.89,-13.68
3636613.67,214584.36,-13.65
3636613.51,214584.84,-13.62
3636613.32,214585.41,-13.62
3636613.21,214585.79,-13.63
3636613.06,214586.28,-13.63
3636612.92,214586.76,-13.65
3636612.74,214587.32,-13.66
3636612.61,214587.71,-13.68
3636612.45,214588.18,-13.68
3636612.3,214588.66,-13.67
3636612.1,214589.23,-13.66
3636611.97,214589.64,-13.62
3636611.81,214590.12,-13.6
3636611.64,214590.61,-13.61
3636611.44,214591.19,-13.59
3636611.31,214591.59,-13.55
3636611.13,214592.07,-13.57
3636610.95,214592.57,-13.6
3636610.73,214593.16,-13.57
3636610.57,214593.58,-13.54
3636610.38,214594.08,-13.52
3636610.2,214594.56,-13.51
3636609.97,214595.18,-13.5
3636609.8,214595.6,-13.49
3636609.59,214596.1,-13.48
3636609.38,214596.61,-13.48
3636609.13,214597.23,-13.48
3636608.97,214597.67,-13.49
3636608.77,214598.19,-13.49
3636608.57,214598.72,-13.48
3636608.31,214599.35,-13.48
3636608.15,214599.8,-13.48
3636607.96,214600.35,-13.47
3636607.76,214600.89,-13.47
3636607.52,214601.54,-13.45
3636607.35,214601.97,-13.45
3636607.14,214602.5,-13.43
3636606.93,214603.04,-13.41
3636606.7,214603.69,-13.46
3636606.52,214604.15,-13.5
3636606.29,214604.73,-13.51
3636606.06,214605.27,-13.51
3636605.81,214605.88,-13.47
3636605.64,214606.3,-13.45
3636605.4,214606.86,-13.44
3636605.16,214607.41,-13.42
3636604.88,214608.04,-13.38
3636604.68,214608.47,-13.37
3636604.45,214608.99,-13.37
3636604.19,214609.53,-13.36
3636603.89,214610.15,-13.36
3636603.67,214610.6,-13.33
3636603.41,214611.11,-13.29
3636603.15,214611.62,-13.26
3636602.83,214612.22,-13.27
3636602.6,214612.66,-13.31
3636602.31,214613.16,-13.31
3636602.03,214613.65,-13.28
3636601.68,214614.25,-13.25
3636601.45,214614.66,-13.23
3636601.16,214615.17,-13.25
3636600.88,214615.64,-13.33
3636600.52,214616.22,-13.37
3636600.28,214616.62,-13.34
3636599.99,214617.1,-13.33
3636599.7,214617.56,-13.32
3636599.36,214618.1,-13.33
3636599.13,214618.47,-13.34
3636598.84,214618.93,-13.35
3636598.54,214619.4,-13.37
3636598.21,214619.94,-13.42
3636597.98,214620.33,-13.48
3636597.69,214620.79,-13.51
3636597.4,214621.25,-13.49
3636597.05,214621.78,-13.45
3636596.81,214622.14,-13.42
3636596.51,214622.61,-13.38
3636596.23,214623.04,-13.36
3636595.89,214623.56,-13.33
3636595.66,214623.91,-13.33
3636595.38,214624.34,-13.33
3636595.08,214624.78,-13.32
3636594.74,214625.28,-13.28
3636594.5,214625.63,-13.27
3636594.2,214626.05,-13.29
3636593.91,214626.47,-13.3
3636593.55,214626.96,-13.29
3636593.3,214627.31,-13.27
3636593,214627.72,-13.24
3636592.69,214628.15,-13.21
3636592.33,214628.63,-13.18
3636592.09,214628.96,-13.17
3636591.8,214629.37,-13.19
3636591.52,214629.8,-13.22
3636591.2,214630.28,-13.24
3636590.96,214630.63,-13.24
3636590.69,214631.06,-13.24
3636590.41,214631.48,-13.25
3636590.09,214631.97,-13.25
3636589.86,214632.3,-13.24
3636589.58,214632.71,-13.22
3636589.31,214633.11,-13.2
3636588.96,214633.61,-13.19
3636588.72,214633.96,-13.2
3636588.45,214634.36,-13.2
3636588.17,214634.76,-13.2
3636587.81,214635.23,-13.18
3636587.57,214635.55,-13.18
3636587.27,214635.93,-13.16
3636586.97,214636.33,-13.14
3636586.59,214636.78,-13.15
3636586.34,214637.09,-13.21
3636586.02,214637.46,-13.21
3636585.7,214637.85,-13.2
3636585.33,214638.29,-13.18
3636585.07,214638.59,-13.13
3636584.76,214638.97,-13.13
3636584.44,214639.35,-13.15
3636584.08,214639.79,-13.15
3636583.82,214640.11,-13.17
3636583.51,214640.51,-13.18
3636583.22,214640.89,-13.13
3636582.87,214641.36,-13.14
3636582.62,214641.68,-13.17
3636582.33,214642.1,-13.17
3636582.03,214642.53,-13.16
3636581.69,214643.03,-13.15
3636581.47,214643.38,-13.14
3636581.2,214643.81,-13.13
3636580.93,214644.24,-13.12
3636580.63,214644.77,-13.11
3636580.42,214645.15,-13.09
3636580.2,214645.6,-13.08
3636579.96,214646.07,-13.08
3636579.67,214646.63,-13.08
3636579.54,214646.9,-13.09
3636579.39,214647.18,-13.09
3636579.25,214647.43,-13.08
3636579.05,214647.79,-13.06
3636578.81,214648.25,-13.06
3636578.53,214648.82,-13.05
3636578.31,214649.17,-13.03
3636578.05,214649.62,-13.03
3636577.8,214650.09,-13.04
3636577.5,214650.62,-13.05
3636577.29,214651,-13.06
3636577.05,214651.47,-13.06
3636576.79,214651.91,-13.05
3636576.48,214652.43,-13.04
3636576.27,214652.79,-13.03
3636576.02,214653.25,-13.02
3636575.76,214653.71,-13
3636575.45,214654.22,-12.99
3636575.24,214654.57,-12.99
3636574.97,214654.99,-12.98
3636574.72,214655.39,-12.97
3636574.41,214655.89,-13
3636574.2,214656.24,-13.02
3636573.94,214656.66,-13
3636573.68,214657.08,-12.97
3636573.38,214657.57,-13
3636573.18,214657.89,-13.05
3636572.94,214658.3,-13.07
3636572.7,214658.73,-13.08
3636572.4,214659.22,-13.08
3636572.19,214659.56,-13.05
3636571.95,214659.98,-13.01
3636571.72,214660.4,-12.99
3636571.46,214660.89,-12.99
3636571.29,214661.23,-12.97
3636571.08,214661.65,-12.97
3636570.87,214662.1,-12.95
3636570.62,214662.59,-12.91
3636570.47,214662.96,-12.91
3636570.3,214663.41,-12.95
3636570.12,214663.83,-12.99
3636569.92,214664.34,-13
3636569.77,214664.7,-13.03
3636569.6,214665.14,-13.03
3636569.44,214665.58,-12.99
3636569.24,214666.1,-12.99
3636569.1,214666.46,-13
3636568.92,214666.9,-12.99
3636568.74,214667.33,-12.99
3636568.53,214667.83,-13.02
3636568.38,214668.19,-13
3636568.19,214668.61,-12.98
3636568,214669.05,-12.98
3636567.77,214669.59,-12.98
3636567.6,214669.95,-13
3636567.4,214670.4,-12.99
3636567.21,214670.86,-13
3636566.99,214671.4,-13.02
3636566.85,214671.77,-13
3636566.66,214672.25,-12.96
3636566.47,214672.74,-12.97
3636566.26,214673.3,-13.01
3636566.11,214673.72,-13.03
3636565.93,214674.21,-13.01
3636565.75,214674.73,-12.97
3636565.54,214675.33,-12.94
3636565.4,214675.74,-12.92
3636565.22,214676.26,-12.9
3636565.06,214676.8,-12.88
3636564.87,214677.42,-12.87
3636564.73,214677.86,-12.85
3636564.57,214678.41,-12.83
3636564.41,214678.95,-12.81
3636564.22,214679.57,-12.82
3636564.09,214680.03,-12.84
3636563.92,214680.58,-12.86
3636563.76,214681.13,-12.87
3636563.58,214681.81,-12.86
3636563.45,214682.29,-12.85
3636563.3,214682.86,-12.86
3636563.14,214683.43,-12.88
3636562.95,214684.11,-12.88
3636562.82,214684.57,-12.86
3636562.65,214685.16,-12.87
3636562.49,214685.74,-12.91
3636562.29,214686.45,-12.87
3636562.14,214686.95,-12.85
3636561.97,214687.53,-12.84
3636561.8,214688.1,-12.81
3636561.6,214688.8,-12.83
3636561.46,214689.27,-12.86
3636561.28,214689.86,-12.86
3636561.1,214690.44,-12.84
3636560.87,214691.12,-12.83
3636560.72,214691.57,-12.81
3636560.53,214692.15,-12.79
3636560.34,214692.72,-12.79
3636560.12,214693.37,-12.8
3636559.96,214693.83,-12.81
3636559.76,214694.4,-12.83
3636559.57,214694.95,-12.82
3636559.32,214695.61,-12.79
3636559.15,214696.06,-12.79
3636558.95,214696.61,-12.75
3636558.75,214697.16,-12.72
3636558.51,214697.8,-12.73
3636558.34,214698.25,-12.71
3636558.15,214698.79,-12.71
3636557.95,214699.33,-12.73
3636557.69,214699.98,-12.75
3636557.52,214700.4,-12.75
3636557.31,214700.92,-12.74
3636557.1,214701.42,-12.74
3636556.84,214702.02,-12.78
3636556.67,214702.43,-12.81
3636556.46,214702.95,-12.82
3636556.25,214703.46,-12.8
3636556,214704.06,-12.77
3636555.82,214704.47,-12.73
3636555.6,214704.94,-12.72
3636555.38,214705.41,-12.72
3636555.12,214706,-12.73
3636554.94,214706.41,-12.71
3636554.73,214706.9,-12.69
3636554.5,214707.4,-12.66
3636554.23,214707.98,-12.64
3636554.05,214708.39,-12.65
3636553.83,214708.87,-12.66
3636553.61,214709.34,-12.65
3636553.34,214709.91,-12.63
3636553.17,214710.3,-12.61
3636552.94,214710.78,-12.64
3636552.72,214711.26,-12.69
3636552.45,214711.82,-12.7
3636552.27,214712.2,-12.71
3636552.04,214712.68,-12.68
3636551.82,214713.16,-12.64
3636551.56,214713.71,-12.64
3636551.37,214714.1,-12.64
3636551.15,214714.57,-12.62
3636550.91,214715.06,-12.62
3636550.65,214715.63,-12.58
3636550.48,214716.02,-12.56
3636550.26,214716.52,-12.59
3636550.04,214716.99,-12.59
3636549.78,214717.56,-12.59
3636549.6,214717.94,-12.6
3636549.38,214718.43,-12.59
3636549.15,214718.94,-12.57
3636548.9,214719.51,-12.55
3636548.72,214719.9,-12.54
3636548.48,214720.39,-12.52
3636548.27,214720.89,-12.54
3636548.03,214721.46,-12.54
3636547.85,214721.86,-12.55
3636547.63,214722.36,-12.53
3636547.4,214722.88,-12.54
3636547.17,214723.47,-12.57
3636547,214723.88,-12.57
3636546.79,214724.37,-12.55
3636546.58,214724.88,-12.53
3636546.32,214725.48,-12.54
3636546.15,214725.89,-12.56
3636545.95,214726.4,-12.55
3636545.74,214726.91,-12.53
3636545.49,214727.51,-12.54
3636545.33,214727.91,-12.55
3636545.13,214728.41,-12.53
3636544.93,214728.91,-12.47
3636544.69,214729.51,-12.44
3636544.52,214729.91,-12.41
3636544.31,214730.4,-12.39
3636544.11,214730.91,-12.4
3636543.88,214731.49,-12.43
3636543.71,214731.89,-12.44
3636543.51,214732.38,-12.44
3636543.31,214732.87,-12.42
3636543.07,214733.45,-12.42
3636542.89,214733.86,-12.41
3636542.67,214734.34,-12.42
3636542.47,214734.82,-12.45
3636542.23,214735.4,-12.46
3636542.07,214735.8,-12.47
3636541.86,214736.28,-12.49
3636541.64,214736.75,-12.5
3636541.39,214737.31,-12.46
3636541.21,214737.7,-12.44
3636541,214738.19,-12.41
3636540.77,214738.67,-12.39
3636540.65,214738.94,-12.41
3636540.44,214739.39,-12.4
3636540.31,214739.67,-12.37
3636540.18,214739.95,-12.37
3636539.97,214740.42,-12.4
3636539.75,214740.9,-12.44
3636539.49,214741.46,-12.48
3636539.31,214741.85,-12.49
3636539.11,214742.33,-12.5
3636538.9,214742.81,-12.47
3636538.65,214743.37,-12.43
3636538.48,214743.77,-12.4
3636538.27,214744.26,-12.4
3636538.07,214744.76,-12.38
3636537.82,214745.32,-12.36
3636537.64,214745.71,-12.36
3636537.43,214746.18,-12.36
3636537.22,214746.66,-12.37
3636536.98,214747.22,-12.4
3636536.81,214747.61,-12.38
3636536.6,214748.1,-12.37
3636536.4,214748.58,-12.36
3636536.14,214749.12,-12.33
3636535.96,214749.51,-12.33
3636535.75,214749.98,-12.35
3636535.54,214750.45,-12.35
3636535.28,214750.99,-12.35
3636535.1,214751.36,-12.33
3636534.88,214751.83,-12.3
3636534.65,214752.28,-12.3
3636534.37,214752.82,-12.31
3636534.18,214753.19,-12.31
3636533.95,214753.63,-12.31
3636533.73,214754.04,-12.32
3636533.45,214754.56,-12.33
3636533.25,214754.91,-12.34
3636532.99,214755.33,-12.37
3636532.74,214755.75,-12.37
3636532.45,214756.26,-12.34
3636532.24,214756.62,-12.31
3636532.01,214757.03,-12.34
3636531.77,214757.45,-12.37
3636531.47,214757.95,-12.4
3636531.28,214758.31,-12.44
3636531.05,214758.75,-12.41
3636530.81,214759.19,-12.36
3636530.54,214759.72,-12.35
3636530.35,214760.09,-12.36
3636530.12,214760.53,-12.35
3636529.9,214760.98,-12.31
3636529.64,214761.54,-12.29
3636529.47,214761.91,-12.27
3636529.26,214762.4,-12.27
3636529.06,214762.88,-12.28
3636528.82,214763.44,-12.27
3636528.65,214763.84,-12.24
3636528.46,214764.33,-12.21
3636528.28,214764.8,-12.21
3636528.05,214765.37,-12.22
3636527.9,214765.76,-12.2
3636527.72,214766.25,-12.18
3636527.53,214766.74,-12.18
3636527.33,214767.31,-12.17
3636527.19,214767.71,-12.14
3636527,214768.2,-12.12
3636526.82,214768.68,-12.13
3636526.62,214769.26,-12.15
3636526.49,214769.66,-12.17
3636526.3,214770.15,-12.18
3636526.1,214770.65,-12.22
3636525.86,214771.23,-12.27
3636525.7,214771.62,-12.24
3636525.5,214772.1,-12.21
3636525.28,214772.58,-12.24
3636525.02,214773.15,-12.26
3636524.83,214773.55,-12.23
3636524.61,214774.04,-12.24
3636524.39,214774.52,-12.27
3636524.12,214775.09,-12.26
3636523.93,214775.49,-12.24
3636523.71,214775.95,-12.21
3636523.48,214776.43,-12.18
3636523.2,214776.99,-12.19
3636523.01,214777.38,-12.2
3636522.77,214777.86,-12.19
3636522.55,214778.34,-12.18
3636522.28,214778.89,-12.18
3636522.1,214779.28,-12.19
3636521.87,214779.75,-12.15
3636521.63,214780.22,-12.15
3636521.36,214780.79,-12.17
3636521.17,214781.18,-12.18
3636520.94,214781.67,-12.17
3636520.7,214782.15,-12.16
3636520.42,214782.72,-12.15
3636520.22,214783.1,-12.1
3636519.99,214783.57,-12.07
3636519.75,214784.05,-12.05
3636519.48,214784.61,-12.06
3636519.28,214785.01,-12.06
3636519.04,214785.48,-12.06
3636518.8,214785.96,-12.07
3636518.51,214786.52,-12.08
3636518.31,214786.91,-12.06
3636518.06,214787.37,-12.02
3636517.81,214787.84,-12.02
3636517.5,214788.4,-12.03
3636517.28,214788.79,-12.03
3636517.02,214789.24,-12.01
3636516.76,214789.7,-11.98
3636516.46,214790.24,-11.98
3636516.24,214790.61,-11.96
3636515.97,214791.06,-11.93
3636515.7,214791.52,-11.97
3636515.39,214792.05,-12
3636515.17,214792.41,-11.98
3636514.9,214792.85,-11.98
3636514.61,214793.29,-11.95
3636514.3,214793.79,-11.92
3636514.07,214794.15,-11.92
3636513.78,214794.58,-11.92
3636513.48,214795.01,-11.95
3636513.14,214795.5,-11.97
3636512.9,214795.85,-11.95
3636512.6,214796.26,-11.94
3636512.31,214796.67,-11.94
3636511.98,214797.15,-11.91
3636511.74,214797.48,-11.9
3636511.44,214797.88,-11.92
3636511.15,214798.29,-11.93
3636510.81,214798.77,-11.92
3636510.56,214799.11,-11.92
3636510.27,214799.51,-11.92
3636509.98,214799.9,-11.91
3636509.63,214800.37,-11.91
3636509.38,214800.7,-11.9
3636509.08,214801.1,-11.89
3636508.78,214801.49,-11.87
3636508.42,214801.97,-11.91
3636508.18,214802.3,-11.95
3636507.87,214802.71,-11.95
3636507.57,214803.11,-11.93
3636507.22,214803.59,-11.92
3636506.97,214803.92,-11.91
3636506.67,214804.35,-11.91
3636506.38,214804.75,-11.93
3636506.01,214805.25,-11.94
3636505.76,214805.6,-11.92
3636505.45,214806.03,-11.9
3636505.16,214806.46,-11.87
3636504.81,214806.96,-11.83
3636504.56,214807.32,-11.8
3636504.26,214807.78,-11.82
3636503.97,214808.23,-11.84
3636503.62,214808.79,-11.85
3636503.38,214809.18,-11.84
3636503.08,214809.65,-11.83
3636502.81,214810.14,-11.83
3636502.47,214810.72,-11.82
3636502.23,214811.12,-11.81
3636501.95,214811.62,-11.77
3636501.67,214812.13,-11.74
3636501.33,214812.73,-11.75
3636501.09,214813.17,-11.75
3636500.81,214813.68,-11.74
3636500.53,214814.19,-11.76
3636500.19,214814.81,-11.76
3636499.96,214815.22,-11.73
3636499.67,214815.73,-11.71
3636499.39,214816.24,-11.7
3636499.05,214816.85,-11.68
3636498.81,214817.28,-11.67
3636498.53,214817.8,-11.67
3636498.23,214818.32,-11.7
3636497.89,214818.91,-11.74
3636497.65,214819.33,-11.78
3636497.36,214819.84,-11.81
3636497.06,214820.34,-11.78
3636496.71,214820.93,-11.75
3636496.47,214821.34,-11.73
3636496.18,214821.84,-11.72
3636495.9,214822.33,-11.74
3636495.55,214822.93,-11.78
3636495.32,214823.32,-11.76
3636495.03,214823.82,-11.72
3636494.74,214824.31,-11.71
3636494.41,214824.88,-11.67
3636494.18,214825.27,-11.67
3636493.9,214825.74,-11.67
3636493.63,214826.22,-11.66
3636493.47,214826.48,-11.66
3636493.21,214826.94,-11.66
3636493.05,214827.21,-11.68
3636492.9,214827.48,-11.66
3636492.63,214827.94,-11.63
3636492.36,214828.41,-11.64
3636492.04,214828.93,-11.64
3636491.83,214829.29,-11.65
3636491.58,214829.73,-11.64
3636491.32,214830.16,-11.62
3636491.01,214830.66,-11.59
3636490.78,214831.02,-11.62
3636490.54,214831.45,-11.64
3636490.28,214831.87,-11.68
3636489.97,214832.37,-11.65
3636489.76,214832.72,-11.61
3636489.51,214833.14,-11.61
3636489.25,214833.55,-11.62
3636488.95,214834.04,-11.63
3636488.74,214834.39,-11.64
3636488.49,214834.79,-11.67
3636488.25,214835.21,-11.65
3636487.97,214835.7,-11.62
3636487.77,214836.04,-11.58
3636487.53,214836.45,-11.56
3636487.3,214836.86,-11.57
3636487.03,214837.33,-11.61
3636486.86,214837.68,-11.62
3636486.65,214838.12,-11.63
3636486.44,214838.56,-11.62
3636486.2,214839.04,-11.61
3636486.03,214839.39,-11.6
3636485.83,214839.82,-11.58
3636485.65,214840.27,-11.55
3636485.44,214840.81,-11.55
3636485.29,214841.17,-11.56
3636485.11,214841.62,-11.54
3636484.94,214842.08,-11.52
3636484.74,214842.62,-11.51
3636484.61,214842.99,-11.52
3636484.45,214843.46,-11.5
3636484.3,214843.94,-11.47
3636484.11,214844.5,-11.47
3636483.98,214844.9,-11.47
3636483.83,214845.41,-11.47
3636483.68,214845.93,-11.47
3636483.52,214846.5,-11.47
3636483.39,214846.92,-11.47
3636483.24,214847.42,-11.47
3636483.08,214847.94,-11.47
3636482.89,214848.54,-11.5
3636482.75,214848.96,-11.51
3636482.6,214849.49,-11.48
3636482.44,214849.99,-11.43
3636482.23,214850.6,-11.41
3636482.09,214851.01,-11.39
3636481.92,214851.51,-11.37
3636481.75,214852.02,-11.35
3636481.53,214852.64,-11.32
3636481.38,214853.07,-11.36
3636481.19,214853.58,-11.4
3636481.01,214854.1,-11.39
3636480.8,214854.72,-11.37
3636480.65,214855.14,-11.39
3636480.46,214855.66,-11.4
3636480.27,214856.15,-11.4
3636480.05,214856.76,-11.4
3636479.9,214857.17,-11.38
3636479.72,214857.69,-11.37
3636479.54,214858.18,-11.35
3636479.32,214858.77,-11.35
3636479.17,214859.17,-11.34
3636478.99,214859.65,-11.32
3636478.81,214860.15,-11.31
3636478.59,214860.73,-11.32
3636478.43,214861.13,-11.33
3636478.24,214861.6,-11.33
3636478.05,214862.07,-11.31
3636477.82,214862.63,-11.32
3636477.66,214863,-11.32
3636477.46,214863.47,-11.29
3636477.26,214863.93,-11.26
3636477,214864.46,-11.23
3636476.84,214864.82,-11.25
3636476.63,214865.28,-11.22
3636476.42,214865.73,-11.19
3636476.17,214866.27,-11.19
3636475.99,214866.63,-11.19
3636475.77,214867.07,-11.2
3636475.56,214867.5,-11.21
3636475.3,214868.02,-11.22
3636475.12,214868.36,-11.24
3636474.9,214868.78,-11.25
3636474.68,214869.2,-11.26
3636474.42,214869.7,-11.24
3636474.23,214870.04,-11.21
3636473.99,214870.45,-11.17
3636473.76,214870.87,-11.16
3636473.5,214871.36,-11.15
3636473.31,214871.69,-11.18
3636473.07,214872.09,-11.22
3636472.83,214872.5,-11.23
3636472.54,214872.98,-11.26
3636472.36,214873.3,-11.26
3636472.12,214873.71,-11.24
3636471.87,214874.12,-11.21
3636471.58,214874.61,-11.2
3636471.38,214874.95,-11.19
3636471.13,214875.35,-11.19
3636470.88,214875.75,-11.18
3636470.59,214876.23,-11.17
3636470.39,214876.57,-11.17
3636470.14,214876.99,-11.17
3636469.88,214877.41,-11.16
3636469.59,214877.89,-11.16
3636469.38,214878.23,-11.16
3636469.13,214878.64,-11.17
3636468.88,214879.07,-11.17
3636468.59,214879.56,-11.17
3636468.39,214879.91,-11.15
3636468.14,214880.34,-11.13
3636467.89,214880.77,-11.13
3636467.6,214881.28,-11.14
3636467.4,214881.62,-11.15
3636467.16,214882.04,-11.15
3636466.92,214882.46,-11.14
3636466.63,214882.96,-11.1
3636466.44,214883.31,-11.09
3636466.19,214883.74,-11.07
3636465.94,214884.18,-11.07
3636465.65,214884.68,-11.08
3636465.45,214885.02,-11.08
3636465.2,214885.45,-11.08
3636464.94,214885.87,-11.07
3636464.63,214886.36,-11.07
3636464.4,214886.7,-11.08
3636464.13,214887.14,-11.08
3636463.86,214887.57,-11.06
3636463.54,214888.07,-11.05
3636463.32,214888.42,-11.07
3636463.05,214888.84,-11.11
3636462.76,214889.27,-11.12
3636462.44,214889.76,-11.13
3636462.22,214890.11,-11.11
3636461.92,214890.55,-11.1
3636461.64,214890.98,-11.09
3636461.32,214891.49,-11.08
3636461.09,214891.85,-11.07
3636460.81,214892.28,-11.06
3636460.51,214892.74,-11.06
3636460.19,214893.27,-11.07
3636459.96,214893.65,-11.07
3636459.67,214894.1,-11.06
3636459.39,214894.57,-11.06
3636459.07,214895.11,-11.03
3636458.86,214895.49,-10.99
3636458.59,214895.97,-10.98
3636458.32,214896.45,-10.97
3636458.01,214897,-10.95
3636457.79,214897.4,-10.94
3636457.52,214897.89,-10.93
3636457.24,214898.39,-10.93
3636456.92,214898.97,-10.92
3636456.69,214899.37,-10.92
3636456.43,214899.88,-10.93
3636456.16,214900.38,-10.93
3636455.83,214900.98,-10.93
3636455.61,214901.4,-10.92
3636455.32,214901.93,-10.91
3636455.03,214902.45,-10.9
3636454.7,214903.05,-10.91
3636454.47,214903.48,-10.93
3636454.19,214904,-10.91
3636453.9,214904.52,-10.92
3636453.53,214905.14,-10.94
3636453.3,214905.56,-10.96
3636452.99,214906.09,-10.98
3636452.69,214906.62,-10.95
3636452.33,214907.24,-10.93
3636452.08,214907.66,-10.9
3636451.77,214908.19,-10.86
3636451.46,214908.72,-10.83
3636451.11,214909.34,-10.84
3636450.87,214909.79,-10.85
3636450.57,214910.32,-10.81
3636450.28,214910.85,-10.78
3636449.94,214911.46,-10.79
3636449.69,214911.91,-10.79
3636449.39,214912.45,-10.77
3636449.11,214912.99,-10.75
3636448.78,214913.65,-10.73
3636448.54,214914.1,-10.72
3636448.26,214914.64,-10.7
3636447.98,214915.18,-10.68
3636447.64,214915.82,-10.67
3636447.49,214916.13,-10.66
3636447.34,214916.45,-10.67
3636447.18,214916.76,-10.68
3636446.97,214917.19,-10.67
3636446.69,214917.74,-10.63
3636446.38,214918.37,-10.62
3636446.17,214918.82,-10.63
3636445.91,214919.37,-10.62
3636445.63,214919.89,-10.61
3636445.32,214920.52,-10.62
3636445.11,214920.96,-10.62
3636444.84,214921.49,-10.64
3636444.56,214922.02,-10.61
3636444.26,214922.62,-10.58
3636444.04,214923.05,-10.58
3636443.78,214923.55,-10.56
3636443.51,214924.05,-10.52
3636443.2,214924.63,-10.52
3636442.98,214925.03,-10.51
3636442.72,214925.51,-10.53
3636442.45,214926,-10.57
3636442.14,214926.55,-10.6
3636441.91,214926.92,-10.61
3636441.65,214927.37,-10.61
3636441.39,214927.82,-10.6
3636441.08,214928.35,-10.57
3636440.87,214928.72,-10.53
3636440.61,214929.18,-10.52
3636440.34,214929.63,-10.52
3636440.04,214930.17,-10.53
3636439.83,214930.54,-10.52
3636439.58,214930.97,-10.49
3636439.34,214931.4,-10.48
3636439.06,214931.92,-10.49
3636438.87,214932.29,-10.49
3636438.64,214932.73,-10.46
3636438.42,214933.17,-10.45
3636438.15,214933.71,-10.46
3636437.98,214934.06,-10.47
3636437.77,214934.5,-10.46
3636437.55,214934.93,-10.46
3636437.31,214935.44,-10.47
3636437.14,214935.79,-10.51
3636436.93,214936.23,-10.54
3636436.73,214936.66,-10.55
3636436.48,214937.15,-10.54
3636436.32,214937.5,-10.51
3636436.11,214937.94,-10.48
3636435.9,214938.36,-10.46
3636435.64,214938.86,-10.45
3636435.47,214939.2,-10.46
3636435.28,214939.64,-10.45
3636435.08,214940.07,-10.45
3636434.84,214940.59,-10.45
3636434.68,214940.95,-10.45
3636434.49,214941.4,-10.42
3636434.28,214941.85,-10.36
3636434.04,214942.37,-10.31
3636433.87,214942.74,-10.28
3636433.66,214943.22,-10.3
3636433.46,214943.68,-10.34
3636433.22,214944.22,-10.31
3636433.07,214944.59,-10.3
3636432.88,214945.05,-10.32
3636432.68,214945.53,-10.32
3636432.46,214946.09,-10.33
3636432.31,214946.48,-10.28
3636432.12,214946.97,-10.23
3636431.94,214947.44,-10.23
3636431.72,214948,-10.25
3636431.57,214948.4,-10.25
3636431.39,214948.89,-10.25
3636431.21,214949.38,-10.22
3636431,214949.97,-10.17
3636430.85,214950.39,-10.13
3636430.66,214950.9,-10.1
3636430.48,214951.4,-10.11
3636430.26,214951.99,-10.14
3636430.12,214952.4,-10.15
3636429.93,214952.9,-10.13
3636429.75,214953.41,-10.11
3636429.53,214954.02,-10.09
3636429.38,214954.45,-10.08
3636429.19,214954.97,-10.09
3636429,214955.49,-10.12
3636428.78,214956.1,-10.1
3636428.62,214956.52,-10.07
3636428.42,214957.02,-10.08
3636428.22,214957.55,-10.09
3636427.99,214958.17,-10.1
3636427.84,214958.6,-10.11
3636427.66,214959.12,-10.09
3636427.47,214959.65,-10.08
3636427.25,214960.25,-10.03
3636427.1,214960.67,-10.02
3636426.91,214961.19,-10.05
3636426.73,214961.71,-10.03
3636426.52,214962.33,-9.98
3636426.37,214962.77,-9.97
3636426.2,214963.29,-9.98
3636426.02,214963.83,-9.98
3636425.8,214964.44,-9.96
3636425.65,214964.86,-9.92
3636425.47,214965.39,-9.89
3636425.29,214965.9,-9.86
3636425.08,214966.52,-9.86
3636424.93,214966.93,-9.9
3636424.75,214967.44,-9.92
3636424.57,214967.95,-9.9
3636424.35,214968.56,-9.9
3636424.2,214968.97,-9.87
3636424.02,214969.45,-9.83
3636423.82,214969.96,-9.82
3636423.6,214970.53,-9.81
3636423.43,214970.94,-9.81
3636423.23,214971.43,-9.83
3636423.03,214971.91,-9.83
3636422.79,214972.49,-9.84
3636422.63,214972.88,-9.86
3636422.42,214973.36,-9.86
3636422.22,214973.84,-9.86
3636421.97,214974.41,-9.83
3636421.79,214974.8,-9.81
3636421.59,214975.27,-9.8
3636421.38,214975.73,-9.76
3636421.15,214976.29,-9.79
3636420.98,214976.69,-9.8
3636420.78,214977.17,-9.8
3636420.57,214977.66,-9.79
3636420.33,214978.23,-9.77
3636420.17,214978.63,-9.77
3636419.97,214979.11,-9.76
3636419.76,214979.6,-9.72
3636419.52,214980.17,-9.73
3636419.35,214980.58,-9.75
3636419.13,214981.07,-9.73
3636418.92,214981.56,-9.69
3636418.67,214982.15,-9.69
3636418.49,214982.56,-9.69
3636418.27,214983.07,-9.67
3636418.05,214983.54,-9.63
3636417.8,214984.11,-9.62
3636417.62,214984.51,-9.62
3636417.39,214985,-9.66
3636417.17,214985.51,-9.68
3636416.92,214986.09,-9.62
3636416.74,214986.5,-9.58
3636416.51,214986.99,-9.57
3636416.28,214987.48,-9.56
3636416.02,214988.06,-9.55
3636415.83,214988.49,-9.53
3636415.61,214989,-9.54
3636415.37,214989.51,-9.54
3636415.09,214990.11,-9.54
3636414.91,214990.51,-9.54
3636414.68,214991,-9.54
3636414.45,214991.5,-9.53
3636414.18,214992.1,-9.53
3636413.98,214992.51,-9.52
3636413.76,214993.01,-9.51
3636413.53,214993.53,-9.5
3636413.26,214994.13,-9.51
3636413.08,214994.55,-9.51
3636412.85,214995.06,-9.47
3636412.63,214995.58,-9.43
3636412.36,214996.19,-9.42
3636412.18,214996.61,-9.41
3636411.96,214997.13,-9.4
3636411.74,214997.65,-9.39
3636411.48,214998.26,-9.39
3636411.3,214998.68,-9.39
3636411.08,214999.2,-9.37
3636410.85,214999.72,-9.37
3636410.58,215000.32,-9.37
3636410.4,215000.73,-9.37
3636410.16,215001.26,-9.37
3636409.93,215001.77,-9.37
3636409.65,215002.38,-9.38
3636409.46,215002.79,-9.35
3636409.22,215003.29,-9.3
3636408.97,215003.79,-9.3
3636408.69,215004.4,-9.3
3636408.49,215004.81,-9.3
3636408.24,215005.3,-9.31
3636407.99,215005.8,-9.27
3636407.69,215006.38,-9.26
3636407.49,215006.76,-9.29
3636407.24,215007.23,-9.29
3636407.1,215007.51,-9.28
3636406.89,215007.89,-9.23
3636406.7,215008.24,-9.22
3636406.54,215008.53,-9.21
3636406.29,215008.99,-9.21
3636406.02,215009.46,-9.21
3636405.76,215009.93,-9.18
3636405.45,215010.48,-9.15
3636405.23,215010.85,-9.15
3636404.96,215011.31,-9.15
3636404.66,215011.76,-9.14
3636404.33,215012.3,-9.11
3636404.1,215012.68,-9.06
3636403.81,215013.13,-9.06
3636403.52,215013.58,-9.1
3636403.18,215014.1,-9.11
3636402.94,215014.46,-9.09
3636402.65,215014.92,-9.08
3636402.35,215015.36,-9.07
3636401.99,215015.87,-9.06
3636401.73,215016.24,-9.04
3636401.43,215016.67,-9.02
3636401.14,215017.11,-9.02
3636400.79,215017.63,-9.03
3636400.55,215018,-9.03
3636400.25,215018.43,-9.03
3636399.95,215018.88,-9
3636399.6,215019.42,-8.98
3636399.37,215019.78,-8.96
3636399.07,215020.23,-8.95
3636398.78,215020.68,-8.94
3636398.43,215021.22,-8.93
3636398.19,215021.59,-8.91
3636397.91,215022.05,-8.91
3636397.61,215022.54,-8.91
3636397.27,215023.09,-8.9
3636397.03,215023.49,-8.88
3636396.75,215023.96,-8.88
3636396.45,215024.43,-8.89
3636396.12,215024.99,-8.86
3636395.88,215025.39,-8.8
3636395.6,215025.86,-8.79
3636395.3,215026.36,-8.77
3636394.94,215026.94,-8.76
3636394.71,215027.34,-8.76
3636394.42,215027.83,-8.75
3636394.13,215028.31,-8.75
3636393.78,215028.89,-8.76
3636393.53,215029.29,-8.78
3636393.22,215029.77,-8.8
3636392.92,215030.26,-8.77
3636392.57,215030.83,-8.74
3636392.32,215031.24,-8.73
3636392.03,215031.72,-8.73
3636391.73,215032.21,-8.71
3636391.36,215032.77,-8.68
3636391.11,215033.17,-8.66
3636390.82,215033.64,-8.65
3636390.51,215034.14,-8.64
3636390.16,215034.71,-8.63
3636389.91,215035.1,-8.63
3636389.61,215035.58,-8.61
3636389.32,215036.06,-8.61
3636388.98,215036.62,-8.58
3636388.75,215037.02,-8.53
3636388.46,215037.49,-8.49
3636388.16,215037.98,-8.48
3636387.84,215038.54,-8.47
3636387.62,215038.92,-8.48
3636387.36,215039.39,-8.48
3636387.08,215039.87,-8.49
3636386.75,215040.43,-8.49
3636386.53,215040.8,-8.49
3636386.27,215041.26,-8.47
3636386.01,215041.74,-8.43
3636385.7,215042.28,-8.42
3636385.48,215042.66,-8.41
3636385.22,215043.12,-8.41
3636384.96,215043.58,-8.39
3636384.66,215044.12,-8.34
3636384.45,215044.49,-8.33
3636384.19,215044.96,-8.33
3636383.94,215045.41,-8.33
3636383.65,215045.96,-8.3
3636383.44,215046.32,-8.26
3636383.18,215046.77,-8.26
3636382.95,215047.23,-8.29
3636382.65,215047.78,-8.33
3636382.45,215048.15,-8.33
3636382.21,215048.62,-8.29
3636381.96,215049.09,-8.26
3636381.68,215049.64,-8.22
3636381.5,215050.01,-8.18
3636381.26,215050.48,-8.19
3636381.03,215050.95,-8.22
3636380.76,215051.51,-8.22
3636380.57,215051.89,-8.17
3636380.35,215052.38,-8.13
3636380.13,215052.87,-8.12
3636379.87,215053.44,-8.13
3636379.71,215053.84,-8.16
3636379.51,215054.31,-8.18
3636379.29,215054.82,-8.17
3636379.05,215055.41,-8.12
3636378.87,215055.84,-8.1
3636378.67,215056.35,-8.07
3636378.47,215056.86,-8.03
3636378.24,215057.46,-8.03
3636378.09,215057.87,-8.02
3636377.9,215058.38,-7.99
3636377.71,215058.88,-7.93
3636377.46,215059.51,-7.92
3636377.3,215059.95,-7.9
3636377.11,215060.48,-7.86
3636376.91,215060.99,-7.81
3636376.68,215061.6,-7.82
3636376.52,215062.03,-7.84
3636376.32,215062.54,-7.84
3636376.11,215063.06,-7.81
3636375.85,215063.68,-7.77
3636375.68,215064.12,-7.76
3636375.48,215064.64,-7.75
3636375.28,215065.16,-7.74
3636375.04,215065.77,-7.75
3636374.89,215066.19,-7.72
3636374.7,215066.73,-7.66
3636374.5,215067.25,-7.62
3636374.26,215067.85,-7.63
3636374.1,215068.29,-7.63
3636373.9,215068.81,-7.6
3636373.69,215069.33,-7.6
3636373.49,215069.95,-7.63
3636373.33,215070.37,-7.64
3636373.13,215070.88,-7.62
3636372.94,215071.4,-7.57
3636372.72,215072.01,-7.53
3636372.55,215072.42,-7.51
3636372.36,215072.93,-7.51
3636372.17,215073.44,-7.51
3636371.94,215074.02,-7.5
3636371.78,215074.42,-7.5
3636371.58,215074.91,-7.51
3636371.37,215075.39,-7.52
3636371.13,215075.95,-7.5
3636370.96,215076.35,-7.47
3636370.74,215076.82,-7.45
3636370.53,215077.3,-7.45
3636370.28,215077.85,-7.45
3636370.1,215078.24,-7.45
3636369.89,215078.69,-7.4
3636369.65,215079.15,-7.34
3636369.39,215079.69,-7.32
3636369.21,215080.08,-7.31
3636368.99,215080.54,-7.32
3636368.77,215081,-7.3
3636368.52,215081.53,-7.27
3636368.34,215081.92,-7.25
3636368.12,215082.37,-7.25
3636367.9,215082.82,-7.25
3636367.64,215083.36,-7.22
3636367.46,215083.75,-7.18
3636367.24,215084.21,-7.17
3636367.02,215084.67,-7.16
3636366.75,215085.2,-7.16
3636366.57,215085.57,-7.13
3636366.34,215086.01,-7.1
3636366.11,215086.46,-7.1
3636365.83,215087,-7.09
3636365.64,215087.37,-7.04
3636365.4,215087.83,-7.01
3636365.16,215088.27,-7.01
3636364.88,215088.8,-7
3636364.69,215089.16,-7.01
3636364.43,215089.61,-7.01
3636364.19,215090.05,-6.97
3636363.89,215090.58,-6.96
3636363.69,215090.93,-6.96
3636363.43,215091.37,-6.94
3636363.18,215091.79,-6.93
3636362.87,215092.31,-6.92
3636362.66,215092.66,-6.92
3636362.4,215093.08,-6.93
3636362.14,215093.5,-6.94
3636361.83,215094,-6.93
3636361.61,215094.34,-6.87
3636361.35,215094.76,-6.82
3636361.1,215095.18,-6.8
3636360.8,215095.67,-6.8
3636360.66,215095.9,-6.8
3636360.51,215096.15,-6.8
3636360.37,215096.39,-6.83
3636360.16,215096.74,-6.86
3636359.92,215097.15,-6.87
3636359.61,215097.64,-6.86
3636359.41,215097.98,-6.83
3636359.17,215098.42,-6.8
3636358.91,215098.85,-6.81
3636358.6,215099.34,-6.83
3636358.39,215099.68,-6.83
3636358.13,215100.11,-6.83
3636357.87,215100.53,-6.82
3636357.56,215101.02,-6.82
3636357.36,215101.37,-6.83
3636357.11,215101.8,-6.8
3636356.85,215102.2,-6.75
3636356.55,215102.69,-6.7
3636356.33,215103.03,-6.68
3636356.08,215103.46,-6.67
3636355.84,215103.89,-6.64
3636355.56,215104.38,-6.64
3636355.35,215104.72,-6.65
3636355.11,215105.13,-6.63
3636354.88,215105.55,-6.58
3636354.6,215106.05,-6.56
3636354.4,215106.41,-6.56
3636354.15,215106.83,-6.57
3636353.91,215107.26,-6.57
3636353.64,215107.77,-6.58
3636353.44,215108.13,-6.56
3636353.21,215108.54,-6.52
3636352.97,215108.96,-6.5
3636352.69,215109.45,-6.49
3636352.49,215109.8,-6.48
3636352.25,215110.22,-6.48
3636352.02,215110.64,-6.47
3636351.74,215111.14,-6.48
3636351.55,215111.47,-6.51
3636351.3,215111.9,-6.52
3636351.06,215112.32,-6.51
3636350.77,215112.82,-6.47
3636350.58,215113.17,-6.43
3636350.35,215113.6,-6.37
3636350.13,215114.04,-6.34
3636349.86,215114.55,-6.3
3636349.67,215114.9,-6.27
3636349.46,215115.34,-6.27
3636349.24,215115.78,-6.29
3636348.98,215116.31,-6.3
3636348.81,215116.67,-6.3
3636348.59,215117.12,-6.25
3636348.38,215117.58,-6.21
3636348.14,215118.12,-6.2
3636347.97,215118.49,-6.21
3636347.77,215118.94,-6.21
3636347.57,215119.41,-6.19
3636347.33,215119.97,-6.17
3636347.16,215120.35,-6.16
3636346.95,215120.81,-6.14
3636346.75,215121.28,-6.1
3636346.52,215121.85,-6.1
3636346.35,215122.22,-6.15
3636346.14,215122.69,-6.14
3636345.94,215123.16,-6.1
3636345.7,215123.71,-6.08
3636345.53,215124.11,-6.06
3636345.33,215124.58,-6.04
3636345.13,215125.06,-6.01
3636344.88,215125.62,-6
3636344.71,215125.99,-6.02
3636344.48,215126.47,-6.01
3636344.27,215126.95,-6.01
3636344.01,215127.51,-6.03
3636343.83,215127.91,-6.03
3636343.62,215128.4,-6.02
3636343.4,215128.86,-6.01
3636343.13,215129.42,-5.99
3636342.95,215129.82,-5.98
3636342.71,215130.31,-5.95
3636342.48,215130.79,-5.89
3636342.21,215131.38,-5.87
3636342.03,215131.78,-5.86
3636341.81,215132.27,-5.82
3636341.57,215132.75,-5.79
3636341.3,215133.32,-5.78
3636341.1,215133.74,-5.77
3636340.88,215134.22,-5.76
3636340.66,215134.71,-5.75
3636340.39,215135.3,-5.76
3636340.21,215135.71,-5.79
3636339.98,215136.22,-5.8
3636339.75,215136.72,-5.77
3636339.49,215137.32,-5.74
3636339.3,215137.75,-5.72
3636339.07,215138.25,-5.68
3636338.83,215138.77,-5.66
3636338.55,215139.39,-5.66
3636338.36,215139.82,-5.68
3636338.13,215140.33,-5.72
3636337.89,215140.85,-5.75
3636337.62,215141.46,-5.71
3636337.42,215141.9,-5.67
3636337.18,215142.41,-5.66
3636336.92,215142.94,-5.65
3636336.6,215143.56,-5.62
3636336.39,215143.98,-5.58
3636336.12,215144.51,-5.58
3636335.85,215145.02,-5.61
3636335.52,215145.64,-5.61
3636335.29,215146.06,-5.56
3636335.01,215146.58,-5.53
3636334.72,215147.12,-5.52
3636334.38,215147.74,-5.5
3636334.15,215148.17,-5.5
3636333.86,215148.7,-5.5
3636333.59,215149.22,-5.51
3636333.25,215149.86,-5.49
3636333.02,215150.29,-5.45
3636332.75,215150.81,-5.45
3636332.46,215151.35,-5.42
3636332.12,215151.97,-5.38
3636331.89,215152.38,-5.37
3636331.62,215152.9,-5.37
3636331.34,215153.42,-5.38
3636331,215154.03,-5.39
3636330.76,215154.46,-5.39
3636330.47,215154.97,-5.39
3636330.18,215155.48,-5.39
3636329.83,215156.11,-5.37
3636329.59,215156.53,-5.36
3636329.3,215157.04,-5.34
3636329.01,215157.54,-5.34
3636328.65,215158.14,-5.33
3636328.41,215158.55,-5.33
3636328.12,215159.08,-5.32
3636327.82,215159.6,-5.32
3636327.46,215160.19,-5.31
3636327.22,215160.6,-5.31
3636326.91,215161.11,-5.33
3636326.62,215161.61,-5.35
3636326.27,215162.2,-5.36
3636326.02,215162.63,-5.34
3636325.73,215163.12,-5.31
3636325.45,215163.61,-5.31
3636325.11,215164.21,-5.3
3636324.88,215164.62,-5.28
3636324.6,215165.11,-5.26
3636324.32,215165.61,-5.25
3636323.99,215166.19,-5.23
3636323.77,215166.58,-5.22
3636323.49,215167.09,-5.2
3636323.22,215167.59,-5.22
3636322.91,215168.17,-5.25
3636322.69,215168.57,-5.24
3636322.42,215169.06,-5.24
3636322.16,215169.57,-5.23
3636321.86,215170.16,-5.22
3636321.64,215170.56,-5.22
3636321.37,215171.06,-5.21
3636321.12,215171.57,-5.2
3636320.83,215172.17,-5.19
3636320.62,215172.56,-5.16
3636320.38,215173.05,-5.15
3636320.13,215173.55,-5.17
3636319.85,215174.12,-5.18
3636319.65,215174.53,-5.17
3636319.4,215175.03,-5.18
3636319.16,215175.51,-5.17
3636318.88,215176.07,-5.16
3636318.69,215176.46,-5.16
3636318.45,215176.95,-5.14
3636318.21,215177.42,-5.14
3636317.93,215177.99,-5.13
3636317.73,215178.38,-5.12
3636317.48,215178.86,-5.11
3636317.24,215179.34,-5.11
3636316.97,215179.9,-5.11
3636316.78,215180.31,-5.11
3636316.55,215180.79,-5.11
3636316.31,215181.29,-5.1
3636316.04,215181.83,-5.09
3636315.86,215182.23,-5.1
3636315.63,215182.72,-5.11
3636315.41,215183.19,-5.13
3636315.16,215183.76,-5.13
3636314.98,215184.16,-5.12
3636314.86,215184.43,-5.1
3636314.69,215184.81,-5.08
3636314.58,215185.08,-5.07
3636314.41,215185.47,-5.04
3636314.16,215186.06,-5.02
3636314,215186.46,-5
3636313.81,215186.96,-4.99
3636313.62,215187.46,-4.98
3636313.39,215188.04,-4.98
3636313.22,215188.45,-4.99
3636313.03,215188.97,-4.99
3636312.85,215189.5,-4.95
3636312.6,215190.11,-4.91
3636312.44,215190.52,-4.88
3636312.24,215191.03,-4.87
3636312.04,215191.53,-4.88
3636311.81,215192.13,-4.89
3636311.64,215192.55,-4.89
3636311.43,215193.07,-4.91
3636311.22,215193.58,-4.91
3636310.98,215194.14,-4.89
3636310.78,215194.56,-4.86
3636310.55,215195.05,-4.86
3636310.32,215195.52,-4.87
3636310.05,215196.09,-4.9
3636309.86,215196.49,-4.91
3636309.62,215196.97,-4.93
3636309.38,215197.45,-4.93
3636309.1,215198.02,-4.93
3636308.9,215198.43,-4.91
3636308.65,215198.92,-4.9
3636308.42,215199.39,-4.9
3636308.14,215199.96,-4.9
3636307.95,215200.35,-4.91
3636307.72,215200.82,-4.92
3636307.49,215201.31,-4.92
3636307.22,215201.91,-4.88
3636307.04,215202.31,-4.82
3636306.81,215202.79,-4.81
3636306.59,215203.27,-4.79
3636306.33,215203.85,-4.77
3636306.16,215204.23,-4.77
3636305.95,215204.7,-4.75
3636305.73,215205.18,-4.7
3636305.47,215205.73,-4.68
3636305.29,215206.11,-4.66
3636305.08,215206.59,-4.66
3636304.87,215207.06,-4.65
3636304.61,215207.61,-4.64
3636304.43,215207.97,-4.67
3636304.22,215208.4,-4.69
3636303.98,215208.84,-4.72
3636303.73,215209.35,-4.72
3636303.55,215209.71,-4.72
3636303.34,215210.14,-4.74
3636303.11,215210.56,-4.76
3636302.84,215211.05,-4.78
3636302.65,215211.37,-4.8
3636302.42,215211.77,-4.81
3636302.17,215212.18,-4.79
3636301.89,215212.62,-4.77
3636301.68,215212.93,-4.76
3636301.44,215213.28,-4.76
3636301.19,215213.66,-4.78
3636300.9,215214.1,-4.8
3636300.69,215214.39,-4.8
3636300.43,215214.75,-4.8
3636300.18,215215.1,-4.79
3636299.88,215215.51,-4.78
3636299.68,215215.79,-4.77
3636299.44,215216.13,-4.77
3636299.19,215216.47,-4.78
3636298.9,215216.86,-4.77
3636298.69,215217.13,-4.75
3636298.47,215217.47,-4.74
3636298.24,215217.81,-4.73
3636297.99,215218.2,-4.73
3636297.81,215218.46,-4.73
3636297.59,215218.8,-4.73
3636297.39,215219.13,-4.7
3636297.16,215219.53,-4.68
3636297,215219.81,-4.69
3636296.82,215220.14,-4.67
3636296.63,215220.48,-4.65
3636296.41,215220.88,-4.63
3636296.28,215221.14,-4.62
3636296.11,215221.46,-4.63
3636295.93,215221.79,-4.65
3636295.72,215222.16,-4.69
3636295.58,215222.42,-4.68
3636295.41,215222.73,-4.64
3636295.24,215223.03,-4.61
3636295.03,215223.39,-4.59
3636294.88,215223.64,-4.6
3636294.69,215223.91,-4.62
3636294.49,215224.18,-4.64
3636294.26,215224.52,-4.67
3636294.09,215224.75,-4.69
3636293.9,215225.03,-4.72
3636293.69,215225.31,-4.75
3636293.46,215225.63,-4.73
3636293.3,215225.85,-4.68
3636293.09,215226.13,-4.66
3636292.89,215226.4,-4.65
3636292.67,215226.72,-4.63
3636292.5,215226.95,-4.62
3636292.3,215227.24,-4.6
3636292.1,215227.51,-4.58
3636291.88,215227.85,-4.57
3636291.73,215228.09,-4.56
3636291.55,215228.38,-4.54
3636291.37,215228.68,-4.53
3636291.14,215229.03,-4.52
3636290.99,215229.28,-4.51
3636290.82,215229.59,-4.51
3636290.66,215229.91,-4.52
3636290.47,215230.27,-4.48
3636290.33,215230.53,-4.43
3636290.16,215230.85,-4.43
3636290,215231.19,-4.42
3636289.81,215231.6,-4.43
3636289.68,215231.87,-4.41
3636289.52,215232.21,-4.39
3636289.37,215232.55,-4.36
3636289.17,215232.94,-4.33
3636289.04,215233.22,-4.3
3636288.88,215233.57,-4.27
3636288.72,215233.92,-4.27
3636288.51,215234.33,-4.27
3636288.37,215234.6,-4.3
3636288.2,215234.95,-4.31
3636288.02,215235.29,-4.29
3636287.81,215235.69,-4.26
3636287.66,215235.96,-4.21
3636287.48,215236.3,-4.15
3636287.3,215236.65,-4.13
3636287.07,215237.05,-4.16
3636286.92,215237.32,-4.19
3636286.72,215237.64,-4.19
3636286.52,215237.97,-4.18
3636286.28,215238.36,-4.17
3636286.12,215238.62,-4.18
3636285.92,215238.95,-4.19
3636285.72,215239.29,-4.18
3636285.5,215239.68,-4.15
3636285.34,215239.95,-4.1
3636285.14,215240.28,-4.05
3636284.95,215240.59,-3.99
3636284.72,215240.97,-3.98
3636284.58,215241.24,-4.01
3636284.39,215241.58,-4.03
3636284.21,215241.91,-3.99
3636284,215242.3,-3.95
3636283.85,215242.57,-3.92
3636283.68,215242.91,-3.94
3636283.51,215243.24,-3.91
3636283.31,215243.63,-3.9
3636283.17,215243.89,-3.91
3636282.98,215244.23,-3.89
3636282.8,215244.56,-3.86
3636282.59,215244.96,-3.87
3636282.44,215245.23,-3.87
3636282.27,215245.56,-3.88
3636282.08,215245.88,-3.87
3636281.86,215246.25,-3.86
3636281.7,215246.51,-3.85
3636281.5,215246.83,-3.83
3636281.3,215247.15,-3.82
3636281.07,215247.54,-3.8
3636280.89,215247.79,-3.81
3636280.69,215248.1,-3.84
3636280.48,215248.41,-3.82
3636280.22,215248.79,-3.79
3636280.05,215249.04,-3.77
3636279.83,215249.36,-3.75
3636279.62,215249.68,-3.73
3636279.37,215250.06,-3.71
3636279.19,215250.32,-3.68
3636278.98,215250.65,-3.64
3636278.76,215250.97,-3.61
3636278.51,215251.36,-3.59
3636278.33,215251.64,-3.6
3636278.12,215251.99,-3.57
3636277.92,215252.33,-3.48
3636277.67,215252.75,-3.4
3636277.5,215253.04,-3.35
3636277.29,215253.4,-3.33
3636277.09,215253.75,-3.31
3636276.86,215254.19,-3.3
3636276.7,215254.49,-3.29
3636276.5,215254.86,-3.29
3636276.3,215255.24,-3.27
3636276.07,215255.68,-3.22
3636275.91,215255.99,-3.17
3636275.71,215256.35,-3.13
3636275.51,215256.72,-3.08
3636275.27,215257.16,-3.06
3636275.09,215257.46,-3.03
3636274.87,215257.83,-3.02
3636274.66,215258.21,-3
3636274.41,215258.63,-2.98
3636274.23,215258.92,-2.96
3636274,215259.29,-2.94
3636273.78,215259.65,-2.91
3636273.51,215260.08,-2.87
3636273.32,215260.37,-2.85
3636273.09,215260.73,-2.83
3636272.86,215261.09,-2.82
3636272.6,215261.52,-2.8
3636272.41,215261.83,-2.79
3636272.18,215262.19,-2.78
3636271.96,215262.56,-2.76
3636271.7,215263,-2.74
3636271.52,215263.31,-2.71
3636271.31,215263.69,-2.67
3636271.1,215264.08,-2.64
3636270.86,215264.54,-2.59
3636270.7,215264.86,-2.53
3636270.51,215265.25,-2.52
3636270.32,215265.64,-2.54
3636270.1,215266.12,-2.54
3636269.95,215266.45,-2.52
3636269.76,215266.85,-2.5
3636269.58,215267.25,-2.49
3636269.37,215267.72,-2.47
3636269.24,215268.04,-2.45
3636269.06,215268.44,-2.42
3636268.89,215268.83,-2.4
3636268.7,215269.29,-2.38
3636268.56,215269.61,-2.36
3636268.37,215270.02,-2.32
3636268.2,215270.41,-2.29
3636267.99,215270.88,-2.24
3636267.84,215271.19,-2.21
3636267.66,215271.58,-2.21
3636267.48,215271.97,-2.2
3636267.26,215272.43,-2.19
3636267.16,215272.66,-2.19
3636267.04,215272.9,-2.19
3636266.93,215273.12,-2.19
3636266.79,215273.43,-2.18
3636266.61,215273.83,-2.16
3636266.4,215274.27,-2.16
3636266.25,215274.61,-2.19
3636266.08,215275.02,-2.2
3636265.88,215275.42,-2.17
3636265.68,215275.9,-2.12
3636265.55,215276.23,-2.08
3636265.39,215276.66,-2.05
3636265.23,215277.08,-2.02
3636265.07,215277.57,-1.99
3636264.96,215277.91,-1.96
3636264.81,215278.34,-1.93
3636264.68,215278.76,-1.91
3636264.52,215279.25,-1.92
3636264.41,215279.59,-1.91
3636264.28,215280.01,-1.92
3636264.16,215280.42,-1.91
3636264.02,215280.9,-1.9
3636263.92,215281.23,-1.89
3636263.79,215281.62,-1.88
3636263.66,215282.02,-1.86
3636263.52,215282.49,-1.84
3636263.41,215282.8,-1.81
3636263.28,215283.19,-1.8
3636263.16,215283.57,-1.8
3636263.02,215284.01,-1.79
3636262.92,215284.31,-1.78
3636262.8,215284.68,-1.79
3636262.69,215285.04,-1.79
3636262.55,215285.46,-1.78
3636262.47,215285.74,-1.77
3636262.37,215286.08,-1.77
3636262.29,215286.41,-1.77
3636262.19,215286.8,-1.78
3636262.13,215287.08,-1.78
3636262.05,215287.39,-1.77
3636261.98,215287.71,-1.76
3636261.91,215288.08,-1.76
3636261.85,215288.32,-1.77
